A:
 [[31.212605  4.707744  6.42047   1.6451  ]
 [ 4.707744 25.087482  6.214741  2.581124]
 [ 6.42047   6.214741 80.34477   5.51929 ]
 [ 1.6451    2.581124  5.51929  23.143575]]
Ak:
 [[ 3.25065315e+01  1.70568558e-19  3.23043428e-12 -1.81094667e-23]
 [-1.04264236e-15  2.36500155e+01  1.21831774e-22 -2.06954257e-12]
 [ 3.23003808e-12 -1.22291071e-15  8.25764106e+01  8.03062702e-10]
 [ 7.04984139e-16 -2.07164267e-12  8.03064337e-10  2.10554743e+01]]
lambda:
 [32.50653154 23.65001552 82.57641062 21.05547432]
U:
 [[ 0.86153459 -0.44334463  0.13658539  0.20627195]
 [ 0.4420054   0.58505992  0.12140246 -0.66902732]
 [-0.1915457  -0.07957937  0.97807427 -0.0186574 ]
 [ 0.16031101  0.67440162  0.09988295  0.71379705]]
k:
 17
eps:
 1e-15
