System:
 |2.000*x1 + 1.000*x2 + 1.000*x3 = 1.0
 |1.000*x1 + 3.000*x2 + 1.000*x3 = -1.0
 |1.000*x1 + 1.000*x2 + 4.000*x3 = 1.0

A:
 [[2. 1. 1.]
 [1. 3. 1.]
 [1. 1. 4.]]
b:
 [ 1. -1.  1.]

A*:
 [[ 6.  6.  7.]
 [ 6. 11.  8.]
 [ 7.  8. 18.]]
b*:
 [ 2. -1.  4.]
S:
 [[2.44948974 2.44948974 2.85773803]
 [0.         2.23606798 0.4472136 ]
 [0.         0.         3.10376116]]
D:
 [1. 1. 1.]
y:
 [ 0.81649658 -1.34164079  0.73029674]

x:
 [0.706, -0.647, 0.235]
x(numpy):
 [ 0.70588235 -0.64705882  0.23529412]

det_g:              17.000
det_g(numpy):       17.000

A^-1:
 [[ 0.64705882 -0.17647059 -0.11764706]
 [-0.17647059  0.41176471 -0.05882353]
 [-0.11764706 -0.05882353  0.29411765]]
A^-1(numpy):
 [[ 0.64705882 -0.17647059 -0.11764706]
 [-0.17647059  0.41176471 -0.05882353]
 [-0.11764706 -0.05882353  0.29411765]]
